{"metadata":{"kernelspec":{"language":"python","display_name":"Python 3","name":"python3"},"language_info":{"name":"python","version":"3.10.13","mimetype":"text/x-python","codemirror_mode":{"name":"ipython","version":3},"pygments_lexer":"ipython3","nbconvert_exporter":"python","file_extension":".py"},"kaggle":{"accelerator":"none","dataSources":[{"sourceId":8800420,"sourceType":"datasetVersion","datasetId":5292076}],"dockerImageVersionId":30732,"isInternetEnabled":false,"language":"python","sourceType":"notebook","isGpuEnabled":false}},"nbformat_minor":4,"nbformat":4,"cells":[{"cell_type":"code","source":"import pandas as pd\nimport matplotlib.pyplot as plt\nimport numpy as np\nimport seaborn as sns\n\nplt.style.use('ggplot')\nimport nltk\n","metadata":{"execution":{"iopub.status.busy":"2024-06-27T08:57:52.671634Z","iopub.execute_input":"2024-06-27T08:57:52.672027Z","iopub.status.idle":"2024-06-27T08:57:54.552427Z","shell.execute_reply.started":"2024-06-27T08:57:52.671995Z","shell.execute_reply":"2024-06-27T08:57:54.551406Z"},"trusted":true},"execution_count":3,"outputs":[]},{"cell_type":"code","source":"df=pd.read_csv(\"/kaggle/input/amazon-fine-reviews/Reviews.csv\")\ndf=df.head(500)\nax=df['Score'].value_counts().sort_index().plot(kind='bar',title=\"Count of Reviews by stars\")\nax.set_xlabel(\"REVIEW STARS\")\nax.set_ylabel(\"PEOPLE COUNT\")","metadata":{"execution":{"iopub.status.busy":"2024-06-28T06:17:27.950284Z","iopub.execute_input":"2024-06-28T06:17:27.950690Z","iopub.status.idle":"2024-06-28T06:17:28.278923Z","shell.execute_reply.started":"2024-06-28T06:17:27.950655Z","shell.execute_reply":"2024-06-28T06:17:28.277455Z"},"collapsed":true,"jupyter":{"outputs_hidden":true},"trusted":true},"execution_count":1,"outputs":[{"traceback":["\u001b[0;31m---------------------------------------------------------------------------\u001b[0m","\u001b[0;31mNameError\u001b[0m                                 Traceback (most recent call last)","Cell \u001b[0;32mIn[1], line 1\u001b[0m\n\u001b[0;32m----> 1\u001b[0m df\u001b[38;5;241m=\u001b[39m\u001b[43mpd\u001b[49m\u001b[38;5;241m.\u001b[39mread_csv(\u001b[38;5;124m\"\u001b[39m\u001b[38;5;124m/kaggle/input/amazon-fine-reviews/Reviews.csv\u001b[39m\u001b[38;5;124m\"\u001b[39m)\n\u001b[1;32m      2\u001b[0m df\u001b[38;5;241m=\u001b[39mdf\u001b[38;5;241m.\u001b[39mhead(\u001b[38;5;241m500\u001b[39m)\n\u001b[1;32m      3\u001b[0m ax\u001b[38;5;241m=\u001b[39mdf[\u001b[38;5;124m'\u001b[39m\u001b[38;5;124mScore\u001b[39m\u001b[38;5;124m'\u001b[39m]\u001b[38;5;241m.\u001b[39mvalue_counts()\u001b[38;5;241m.\u001b[39msort_index()\u001b[38;5;241m.\u001b[39mplot(kind\u001b[38;5;241m=\u001b[39m\u001b[38;5;124m'\u001b[39m\u001b[38;5;124mbar\u001b[39m\u001b[38;5;124m'\u001b[39m,title\u001b[38;5;241m=\u001b[39m\u001b[38;5;124m\"\u001b[39m\u001b[38;5;124mCount of Reviews by stars\u001b[39m\u001b[38;5;124m\"\u001b[39m)\n","\u001b[0;31mNameError\u001b[0m: name 'pd' is not defined"],"ename":"NameError","evalue":"name 'pd' is not defined","output_type":"error"}]},{"cell_type":"code","source":"example=df['Text'][50]\ntokens=nltk.word_tokenize(example)\ntagged=nltk.pos_tag(tokens)\ntagged[:10]\nentities = nltk.chunk.ne_chunk(tagged)\nentities.pprint()","metadata":{"execution":{"iopub.status.busy":"2024-06-27T09:14:53.634870Z","iopub.execute_input":"2024-06-27T09:14:53.635880Z","iopub.status.idle":"2024-06-27T09:14:53.765150Z","shell.execute_reply.started":"2024-06-27T09:14:53.635837Z","shell.execute_reply":"2024-06-27T09:14:53.764085Z"},"collapsed":true,"jupyter":{"outputs_hidden":true},"trusted":true},"execution_count":18,"outputs":[{"name":"stdout","text":"(S\n  This/DT\n  oatmeal/NN\n  is/VBZ\n  not/RB\n  good/JJ\n  ./.\n  Its/PRP$\n  mushy/NN\n  ,/,\n  soft/JJ\n  ,/,\n  I/PRP\n  do/VBP\n  n't/RB\n  like/VB\n  it/PRP\n  ./.\n  (ORGANIZATION Quaker/NNP Oats/NNPS)\n  is/VBZ\n  the/DT\n  way/NN\n  to/TO\n  go/VB\n  ./.)\n","output_type":"stream"}]},{"cell_type":"code","source":"from nltk.sentiment import SentimentIntensityAnalyzer\n\n\nsia = SentimentIntensityAnalyzer()\n\nsia.polarity_scores(example)","metadata":{"execution":{"iopub.status.busy":"2024-06-27T09:22:16.170905Z","iopub.execute_input":"2024-06-27T09:22:16.171319Z","iopub.status.idle":"2024-06-27T09:22:16.188151Z","shell.execute_reply.started":"2024-06-27T09:22:16.171282Z","shell.execute_reply":"2024-06-27T09:22:16.187125Z"},"collapsed":true,"jupyter":{"outputs_hidden":true},"trusted":true},"execution_count":29,"outputs":[{"execution_count":29,"output_type":"execute_result","data":{"text/plain":"{'neg': 0.22, 'neu': 0.78, 'pos': 0.0, 'compound': -0.5448}"},"metadata":{}}]},{"cell_type":"code","source":"res={}\nfor i,row in df.iterrows():\n    text=row['Text']\n    id=row[\"Id\"]\n    res[id]=sia.polarity_scores(text)\n    ","metadata":{"execution":{"iopub.status.busy":"2024-06-27T09:27:44.188984Z","iopub.execute_input":"2024-06-27T09:27:44.189888Z","iopub.status.idle":"2024-06-27T09:27:44.752608Z","shell.execute_reply.started":"2024-06-27T09:27:44.189844Z","shell.execute_reply":"2024-06-27T09:27:44.751358Z"},"trusted":true},"execution_count":32,"outputs":[]},{"cell_type":"code","source":"res","metadata":{"collapsed":true,"jupyter":{"outputs_hidden":true},"trusted":true},"execution_count":34,"outputs":[{"execution_count":34,"output_type":"execute_result","data":{"text/plain":"{1: {'neg': 0.0, 'neu': 0.695, 'pos': 0.305, 'compound': 0.9441},\n 2: {'neg': 0.079, 'neu': 0.853, 'pos': 0.068, 'compound': -0.1027},\n 3: {'neg': 0.091, 'neu': 0.754, 'pos': 0.155, 'compound': 0.8265},\n 4: {'neg': 0.0, 'neu': 1.0, 'pos': 0.0, 'compound': 0.0},\n 5: {'neg': 0.0, 'neu': 0.552, 'pos': 0.448, 'compound': 0.9468},\n 6: {'neg': 0.029, 'neu': 0.809, 'pos': 0.163, 'compound': 0.883},\n 7: {'neg': 0.034, 'neu': 0.693, 'pos': 0.273, 'compound': 0.9346},\n 8: {'neg': 0.0, 'neu': 0.52, 'pos': 0.48, 'compound': 0.9487},\n 9: {'neg': 0.0, 'neu': 0.851, 'pos': 0.149, 'compound': 0.6369},\n 10: {'neg': 0.0, 'neu': 0.705, 'pos': 0.295, 'compound': 0.8313},\n 11: {'neg': 0.017, 'neu': 0.846, 'pos': 0.137, 'compound': 0.9746},\n 12: {'neg': 0.113, 'neu': 0.887, 'pos': 0.0, 'compound': -0.7579},\n 13: {'neg': 0.031, 'neu': 0.923, 'pos': 0.046, 'compound': 0.296},\n 14: {'neg': 0.0, 'neu': 0.355, 'pos': 0.645, 'compound': 0.9466},\n 15: {'neg': 0.104, 'neu': 0.632, 'pos': 0.264, 'compound': 0.6486},\n 16: {'neg': 0.0, 'neu': 0.861, 'pos': 0.139, 'compound': 0.5719},\n 17: {'neg': 0.097, 'neu': 0.694, 'pos': 0.209, 'compound': 0.7481},\n 18: {'neg': 0.0, 'neu': 0.61, 'pos': 0.39, 'compound': 0.8883},\n 19: {'neg': 0.012, 'neu': 0.885, 'pos': 0.103, 'compound': 0.8957},\n 20: {'neg': 0.0, 'neu': 0.863, 'pos': 0.137, 'compound': 0.6077},\n 21: {'neg': 0.0, 'neu': 0.865, 'pos': 0.135, 'compound': 0.6249},\n 22: {'neg': 0.0, 'neu': 0.739, 'pos': 0.261, 'compound': 0.9153},\n 23: {'neg': 0.0, 'neu': 0.768, 'pos': 0.232, 'compound': 0.7687},\n 24: {'neg': 0.085, 'neu': 0.771, 'pos': 0.143, 'compound': 0.2617},\n 25: {'neg': 0.038, 'neu': 0.895, 'pos': 0.068, 'compound': 0.3939},\n 26: {'neg': 0.0, 'neu': 1.0, 'pos': 0.0, 'compound': 0.0},\n 27: {'neg': 0.128, 'neu': 0.872, 'pos': 0.0, 'compound': -0.296},\n 28: {'neg': 0.04, 'neu': 0.808, 'pos': 0.152, 'compound': 0.5956},\n 29: {'neg': 0.022, 'neu': 0.669, 'pos': 0.309, 'compound': 0.9913},\n 30: {'neg': 0.017, 'neu': 0.846, 'pos': 0.137, 'compound': 0.9746},\n 31: {'neg': 0.041, 'neu': 0.692, 'pos': 0.267, 'compound': 0.9713},\n 32: {'neg': 0.0, 'neu': 0.484, 'pos': 0.516, 'compound': 0.9153},\n 33: {'neg': 0.069, 'neu': 0.839, 'pos': 0.092, 'compound': 0.7103},\n 34: {'neg': 0.024, 'neu': 0.72, 'pos': 0.256, 'compound': 0.9779},\n 35: {'neg': 0.0, 'neu': 0.874, 'pos': 0.126, 'compound': 0.9091},\n 36: {'neg': 0.024, 'neu': 0.821, 'pos': 0.155, 'compound': 0.7622},\n 37: {'neg': 0.0, 'neu': 0.754, 'pos': 0.246, 'compound': 0.9196},\n 38: {'neg': 0.0, 'neu': 0.938, 'pos': 0.062, 'compound': 0.4457},\n 39: {'neg': 0.028, 'neu': 0.842, 'pos': 0.13, 'compound': 0.891},\n 40: {'neg': 0.0, 'neu': 0.856, 'pos': 0.144, 'compound': 0.8114},\n 41: {'neg': 0.033, 'neu': 0.82, 'pos': 0.147, 'compound': 0.9301},\n 42: {'neg': 0.03, 'neu': 0.848, 'pos': 0.122, 'compound': 0.9435},\n 43: {'neg': 0.0, 'neu': 0.588, 'pos': 0.412, 'compound': 0.9441},\n 44: {'neg': 0.0, 'neu': 0.685, 'pos': 0.315, 'compound': 0.9161},\n 45: {'neg': 0.031, 'neu': 0.778, 'pos': 0.191, 'compound': 0.8421},\n 46: {'neg': 0.0, 'neu': 1.0, 'pos': 0.0, 'compound': 0.0},\n 47: {'neg': 0.0, 'neu': 0.737, 'pos': 0.263, 'compound': 0.9169},\n 48: {'neg': 0.0, 'neu': 0.868, 'pos': 0.132, 'compound': 0.4404},\n 49: {'neg': 0.0, 'neu': 0.821, 'pos': 0.179, 'compound': 0.747},\n 50: {'neg': 0.056, 'neu': 0.865, 'pos': 0.079, 'compound': 0.2363},\n 51: {'neg': 0.22, 'neu': 0.78, 'pos': 0.0, 'compound': -0.5448},\n 52: {'neg': 0.047, 'neu': 0.735, 'pos': 0.218, 'compound': 0.9194},\n 53: {'neg': 0.09, 'neu': 0.858, 'pos': 0.052, 'compound': -0.8259},\n 54: {'neg': 0.075, 'neu': 0.925, 'pos': 0.0, 'compound': -0.3612},\n 55: {'neg': 0.0, 'neu': 0.857, 'pos': 0.143, 'compound': 0.8761},\n 56: {'neg': 0.071, 'neu': 0.708, 'pos': 0.221, 'compound': 0.8908},\n 57: {'neg': 0.029, 'neu': 0.694, 'pos': 0.277, 'compound': 0.908},\n 58: {'neg': 0.0, 'neu': 0.701, 'pos': 0.299, 'compound': 0.91},\n 59: {'neg': 0.0, 'neu': 0.611, 'pos': 0.389, 'compound': 0.9323},\n 60: {'neg': 0.0, 'neu': 0.638, 'pos': 0.362, 'compound': 0.8807},\n 61: {'neg': 0.0, 'neu': 0.9, 'pos': 0.1, 'compound': 0.4404},\n 62: {'neg': 0.0, 'neu': 0.741, 'pos': 0.259, 'compound': 0.8442},\n 63: {'neg': 0.0, 'neu': 1.0, 'pos': 0.0, 'compound': 0.0},\n 64: {'neg': 0.055, 'neu': 0.765, 'pos': 0.179, 'compound': 0.9817},\n 65: {'neg': 0.046, 'neu': 0.75, 'pos': 0.205, 'compound': 0.8674},\n 66: {'neg': 0.04, 'neu': 0.822, 'pos': 0.138, 'compound': 0.5165},\n 67: {'neg': 0.057, 'neu': 0.869, 'pos': 0.073, 'compound': 0.492},\n 68: {'neg': 0.183, 'neu': 0.776, 'pos': 0.041, 'compound': -0.9116},\n 69: {'neg': 0.141, 'neu': 0.653, 'pos': 0.207, 'compound': 0.5171},\n 70: {'neg': 0.344, 'neu': 0.52, 'pos': 0.136, 'compound': -0.7345},\n 71: {'neg': 0.036, 'neu': 0.916, 'pos': 0.048, 'compound': 0.2228},\n 72: {'neg': 0.078, 'neu': 0.706, 'pos': 0.216, 'compound': 0.9695},\n 73: {'neg': 0.025, 'neu': 0.653, 'pos': 0.323, 'compound': 0.9787},\n 74: {'neg': 0.093, 'neu': 0.762, 'pos': 0.144, 'compound': 0.9665},\n 75: {'neg': 0.0, 'neu': 0.872, 'pos': 0.128, 'compound': 0.2263},\n 76: {'neg': 0.106, 'neu': 0.768, 'pos': 0.126, 'compound': 0.1098},\n 77: {'neg': 0.019, 'neu': 0.898, 'pos': 0.083, 'compound': 0.5647},\n 78: {'neg': 0.034, 'neu': 0.798, 'pos': 0.168, 'compound': 0.8303},\n 79: {'neg': 0.0, 'neu': 0.763, 'pos': 0.237, 'compound': 0.7814},\n 80: {'neg': 0.087, 'neu': 0.589, 'pos': 0.324, 'compound': 0.8636},\n 81: {'neg': 0.0, 'neu': 0.723, 'pos': 0.277, 'compound': 0.9098},\n 82: {'neg': 0.0, 'neu': 0.663, 'pos': 0.337, 'compound': 0.9041},\n 83: {'neg': 0.04, 'neu': 0.794, 'pos': 0.165, 'compound': 0.9957},\n 84: {'neg': 0.055, 'neu': 0.767, 'pos': 0.178, 'compound': 0.8642},\n 85: {'neg': 0.109, 'neu': 0.676, 'pos': 0.214, 'compound': 0.8431},\n 86: {'neg': 0.035, 'neu': 0.698, 'pos': 0.267, 'compound': 0.9487},\n 87: {'neg': 0.019, 'neu': 0.855, 'pos': 0.126, 'compound': 0.8797},\n 88: {'neg': 0.05, 'neu': 0.735, 'pos': 0.215, 'compound': 0.7424},\n 89: {'neg': 0.048, 'neu': 0.762, 'pos': 0.19, 'compound': 0.9716},\n 90: {'neg': 0.029, 'neu': 0.645, 'pos': 0.326, 'compound': 0.9554},\n 91: {'neg': 0.0, 'neu': 0.833, 'pos': 0.167, 'compound': 0.7351},\n 92: {'neg': 0.0, 'neu': 0.837, 'pos': 0.163, 'compound': 0.6249},\n 93: {'neg': 0.069, 'neu': 0.663, 'pos': 0.268, 'compound': 0.8255},\n 94: {'neg': 0.01, 'neu': 0.781, 'pos': 0.208, 'compound': 0.9882},\n 95: {'neg': 0.0, 'neu': 1.0, 'pos': 0.0, 'compound': 0.0},\n 96: {'neg': 0.031, 'neu': 0.732, 'pos': 0.237, 'compound': 0.9273},\n 97: {'neg': 0.0, 'neu': 0.818, 'pos': 0.182, 'compound': 0.982},\n 98: {'neg': 0.053, 'neu': 0.793, 'pos': 0.154, 'compound': 0.7729},\n 99: {'neg': 0.024, 'neu': 0.91, 'pos': 0.066, 'compound': 0.5106},\n 100: {'neg': 0.173, 'neu': 0.735, 'pos': 0.092, 'compound': -0.5267},\n 101: {'neg': 0.0, 'neu': 0.807, 'pos': 0.193, 'compound': 0.7717},\n 102: {'neg': 0.103, 'neu': 0.752, 'pos': 0.145, 'compound': 0.2285},\n 103: {'neg': 0.0, 'neu': 0.75, 'pos': 0.25, 'compound': 0.9287},\n 104: {'neg': 0.0, 'neu': 0.859, 'pos': 0.141, 'compound': 0.7249},\n 105: {'neg': 0.051, 'neu': 0.577, 'pos': 0.372, 'compound': 0.9313},\n 106: {'neg': 0.0, 'neu': 0.696, 'pos': 0.304, 'compound': 0.9603},\n 107: {'neg': 0.0, 'neu': 0.791, 'pos': 0.209, 'compound': 0.5719},\n 108: {'neg': 0.0, 'neu': 0.804, 'pos': 0.196, 'compound': 0.9503},\n 109: {'neg': 0.059, 'neu': 0.676, 'pos': 0.265, 'compound': 0.9116},\n 110: {'neg': 0.014, 'neu': 0.764, 'pos': 0.222, 'compound': 0.9841},\n 111: {'neg': 0.059, 'neu': 0.879, 'pos': 0.062, 'compound': 0.0176},\n 112: {'neg': 0.0, 'neu': 0.81, 'pos': 0.19, 'compound': 0.8769},\n 113: {'neg': 0.03, 'neu': 0.846, 'pos': 0.125, 'compound': 0.9783},\n 114: {'neg': 0.0, 'neu': 0.631, 'pos': 0.369, 'compound': 0.8779},\n 115: {'neg': 0.027, 'neu': 0.727, 'pos': 0.245, 'compound': 0.9379},\n 116: {'neg': 0.0, 'neu': 0.645, 'pos': 0.355, 'compound': 0.872},\n 117: {'neg': 0.0, 'neu': 0.892, 'pos': 0.108, 'compound': 0.6573},\n 118: {'neg': 0.0, 'neu': 0.781, 'pos': 0.219, 'compound': 0.9751},\n 119: {'neg': 0.048, 'neu': 0.873, 'pos': 0.079, 'compound': 0.9094},\n 120: {'neg': 0.013, 'neu': 0.785, 'pos': 0.203, 'compound': 0.9828},\n 121: {'neg': 0.026, 'neu': 0.759, 'pos': 0.215, 'compound': 0.9509},\n 122: {'neg': 0.102, 'neu': 0.822, 'pos': 0.076, 'compound': -0.3626},\n 123: {'neg': 0.025, 'neu': 0.803, 'pos': 0.172, 'compound': 0.9022},\n 124: {'neg': 0.017, 'neu': 0.795, 'pos': 0.188, 'compound': 0.9769},\n 125: {'neg': 0.079, 'neu': 0.67, 'pos': 0.252, 'compound': 0.9678},\n 126: {'neg': 0.035, 'neu': 0.87, 'pos': 0.095, 'compound': 0.5709},\n 127: {'neg': 0.0, 'neu': 0.721, 'pos': 0.279, 'compound': 0.9258},\n 128: {'neg': 0.067, 'neu': 0.633, 'pos': 0.299, 'compound': 0.9022},\n 129: {'neg': 0.043, 'neu': 0.728, 'pos': 0.229, 'compound': 0.8142},\n 130: {'neg': 0.071, 'neu': 0.67, 'pos': 0.259, 'compound': 0.8723},\n 131: {'neg': 0.0, 'neu': 0.755, 'pos': 0.245, 'compound': 0.8658},\n 132: {'neg': 0.135, 'neu': 0.76, 'pos': 0.105, 'compound': -0.3612},\n 133: {'neg': 0.046, 'neu': 0.772, 'pos': 0.181, 'compound': 0.7902},\n 134: {'neg': 0.02, 'neu': 0.878, 'pos': 0.103, 'compound': 0.8082},\n 135: {'neg': 0.0, 'neu': 0.877, 'pos': 0.123, 'compound': 0.4215},\n 136: {'neg': 0.0, 'neu': 0.9, 'pos': 0.1, 'compound': 0.6503},\n 137: {'neg': 0.0, 'neu': 0.695, 'pos': 0.305, 'compound': 0.9661},\n 138: {'neg': 0.0, 'neu': 0.689, 'pos': 0.311, 'compound': 0.8591},\n 139: {'neg': 0.15, 'neu': 0.773, 'pos': 0.077, 'compound': -0.4199},\n 140: {'neg': 0.043, 'neu': 0.833, 'pos': 0.125, 'compound': 0.835},\n 141: {'neg': 0.098, 'neu': 0.787, 'pos': 0.114, 'compound': 0.2023},\n 142: {'neg': 0.0, 'neu': 0.782, 'pos': 0.218, 'compound': 0.7814},\n 143: {'neg': 0.0, 'neu': 0.763, 'pos': 0.237, 'compound': 0.9296},\n 144: {'neg': 0.059, 'neu': 0.667, 'pos': 0.274, 'compound': 0.9653},\n 145: {'neg': 0.058, 'neu': 0.841, 'pos': 0.102, 'compound': 0.6124},\n 146: {'neg': 0.144, 'neu': 0.677, 'pos': 0.178, 'compound': 0.6341},\n 147: {'neg': 0.087, 'neu': 0.783, 'pos': 0.13, 'compound': 0.7567},\n 148: {'neg': 0.058, 'neu': 0.867, 'pos': 0.075, 'compound': 0.1533},\n 149: {'neg': 0.058, 'neu': 0.848, 'pos': 0.094, 'compound': 0.3639},\n 150: {'neg': 0.0, 'neu': 0.709, 'pos': 0.291, 'compound': 0.9231},\n 151: {'neg': 0.0, 'neu': 0.564, 'pos': 0.436, 'compound': 0.9858},\n 152: {'neg': 0.0, 'neu': 0.784, 'pos': 0.216, 'compound': 0.765},\n 153: {'neg': 0.0, 'neu': 0.775, 'pos': 0.225, 'compound': 0.7269},\n 154: {'neg': 0.12, 'neu': 0.76, 'pos': 0.12, 'compound': 0.2502},\n 155: {'neg': 0.0, 'neu': 0.647, 'pos': 0.353, 'compound': 0.9803},\n 156: {'neg': 0.0, 'neu': 0.768, 'pos': 0.232, 'compound': 0.9681},\n 157: {'neg': 0.191, 'neu': 0.809, 'pos': 0.0, 'compound': -0.7269},\n 158: {'neg': 0.071, 'neu': 0.514, 'pos': 0.415, 'compound': 0.8934},\n 159: {'neg': 0.065, 'neu': 0.893, 'pos': 0.042, 'compound': -0.4721},\n 160: {'neg': 0.081, 'neu': 0.779, 'pos': 0.14, 'compound': 0.4194},\n 161: {'neg': 0.0, 'neu': 0.644, 'pos': 0.356, 'compound': 0.9117},\n 162: {'neg': 0.106, 'neu': 0.894, 'pos': 0.0, 'compound': -0.5504},\n 163: {'neg': 0.072, 'neu': 0.652, 'pos': 0.276, 'compound': 0.9517},\n 164: {'neg': 0.047, 'neu': 0.869, 'pos': 0.085, 'compound': 0.4199},\n 165: {'neg': 0.025, 'neu': 0.752, 'pos': 0.223, 'compound': 0.8957},\n 166: {'neg': 0.032, 'neu': 0.717, 'pos': 0.251, 'compound': 0.9597},\n 167: {'neg': 0.0, 'neu': 0.657, 'pos': 0.343, 'compound': 0.9098},\n 168: {'neg': 0.05, 'neu': 0.905, 'pos': 0.045, 'compound': -0.1154},\n 169: {'neg': 0.186, 'neu': 0.74, 'pos': 0.074, 'compound': -0.5283},\n 170: {'neg': 0.141, 'neu': 0.832, 'pos': 0.028, 'compound': -0.7721},\n 171: {'neg': 0.0, 'neu': 0.854, 'pos': 0.146, 'compound': 0.6476},\n 172: {'neg': 0.04, 'neu': 0.844, 'pos': 0.116, 'compound': 0.6808},\n 173: {'neg': 0.0, 'neu': 0.763, 'pos': 0.237, 'compound': 0.8906},\n 174: {'neg': 0.022, 'neu': 0.788, 'pos': 0.189, 'compound': 0.9901},\n 175: {'neg': 0.04, 'neu': 0.722, 'pos': 0.237, 'compound': 0.9782},\n 176: {'neg': 0.0, 'neu': 0.874, 'pos': 0.126, 'compound': 0.7579},\n 177: {'neg': 0.0, 'neu': 0.938, 'pos': 0.062, 'compound': 0.4215},\n 178: {'neg': 0.058, 'neu': 0.794, 'pos': 0.148, 'compound': 0.6249},\n 179: {'neg': 0.2, 'neu': 0.63, 'pos': 0.171, 'compound': 0.1203},\n 180: {'neg': 0.048, 'neu': 0.829, 'pos': 0.122, 'compound': 0.7458},\n 181: {'neg': 0.076, 'neu': 0.767, 'pos': 0.156, 'compound': 0.6085},\n 182: {'neg': 0.0, 'neu': 0.433, 'pos': 0.567, 'compound': 0.9667},\n 183: {'neg': 0.088, 'neu': 0.743, 'pos': 0.169, 'compound': 0.943},\n 184: {'neg': 0.0, 'neu': 0.857, 'pos': 0.143, 'compound': 0.9577},\n 185: {'neg': 0.11, 'neu': 0.593, 'pos': 0.297, 'compound': 0.6597},\n 186: {'neg': 0.189, 'neu': 0.811, 'pos': 0.0, 'compound': -0.5994},\n 187: {'neg': 0.016, 'neu': 0.847, 'pos': 0.137, 'compound': 0.9936},\n 188: {'neg': 0.0, 'neu': 0.824, 'pos': 0.176, 'compound': 0.6983},\n 189: {'neg': 0.0, 'neu': 0.843, 'pos': 0.157, 'compound': 0.8868},\n 190: {'neg': 0.0, 'neu': 0.934, 'pos': 0.066, 'compound': 0.3506},\n 191: {'neg': 0.148, 'neu': 0.64, 'pos': 0.212, 'compound': 0.4926},\n 192: {'neg': 0.0, 'neu': 0.75, 'pos': 0.25, 'compound': 0.9062},\n 193: {'neg': 0.074, 'neu': 0.7, 'pos': 0.226, 'compound': 0.8679},\n 194: {'neg': 0.031, 'neu': 0.735, 'pos': 0.234, 'compound': 0.9595},\n 195: {'neg': 0.082, 'neu': 0.483, 'pos': 0.435, 'compound': 0.8299},\n 196: {'neg': 0.0, 'neu': 0.761, 'pos': 0.239, 'compound': 0.9538},\n 197: {'neg': 0.0, 'neu': 0.917, 'pos': 0.083, 'compound': 0.4738},\n 198: {'neg': 0.0, 'neu': 0.904, 'pos': 0.096, 'compound': 0.4153},\n 199: {'neg': 0.0, 'neu': 0.701, 'pos': 0.299, 'compound': 0.8268},\n 200: {'neg': 0.0, 'neu': 0.811, 'pos': 0.189, 'compound': 0.7178},\n 201: {'neg': 0.039, 'neu': 0.888, 'pos': 0.072, 'compound': 0.6381},\n 202: {'neg': 0.064, 'neu': 0.597, 'pos': 0.339, 'compound': 0.9531},\n 203: {'neg': 0.0, 'neu': 0.688, 'pos': 0.312, 'compound': 0.8225},\n 204: {'neg': 0.061, 'neu': 0.814, 'pos': 0.125, 'compound': 0.8728},\n 205: {'neg': 0.0, 'neu': 0.882, 'pos': 0.118, 'compound': 0.6249},\n 206: {'neg': 0.0, 'neu': 0.754, 'pos': 0.246, 'compound': 0.9368},\n 207: {'neg': 0.0, 'neu': 0.59, 'pos': 0.41, 'compound': 0.8779},\n 208: {'neg': 0.051, 'neu': 0.8, 'pos': 0.15, 'compound': 0.8436},\n 209: {'neg': 0.05, 'neu': 0.82, 'pos': 0.13, 'compound': 0.8913},\n 210: {'neg': 0.045, 'neu': 0.761, 'pos': 0.194, 'compound': 0.9893},\n 211: {'neg': 0.075, 'neu': 0.755, 'pos': 0.171, 'compound': 0.9218},\n 212: {'neg': 0.051, 'neu': 0.821, 'pos': 0.129, 'compound': 0.9529},\n 213: {'neg': 0.051, 'neu': 0.838, 'pos': 0.11, 'compound': 0.4404},\n 214: {'neg': 0.095, 'neu': 0.883, 'pos': 0.022, 'compound': -0.9726},\n 215: {'neg': 0.0, 'neu': 0.891, 'pos': 0.109, 'compound': 0.6476},\n 216: {'neg': 0.0, 'neu': 0.798, 'pos': 0.202, 'compound': 0.7964},\n 217: {'neg': 0.078, 'neu': 0.922, 'pos': 0.0, 'compound': -0.296},\n 218: {'neg': 0.015, 'neu': 0.884, 'pos': 0.101, 'compound': 0.9736},\n 219: {'neg': 0.059, 'neu': 0.774, 'pos': 0.167, 'compound': 0.9424},\n 220: {'neg': 0.031, 'neu': 0.702, 'pos': 0.267, 'compound': 0.9812},\n 221: {'neg': 0.027, 'neu': 0.909, 'pos': 0.064, 'compound': 0.25},\n 222: {'neg': 0.039, 'neu': 0.663, 'pos': 0.298, 'compound': 0.9924},\n 223: {'neg': 0.0, 'neu': 0.779, 'pos': 0.221, 'compound': 0.9623},\n 224: {'neg': 0.0, 'neu': 0.607, 'pos': 0.393, 'compound': 0.923},\n 225: {'neg': 0.152, 'neu': 0.739, 'pos': 0.109, 'compound': -0.25},\n 226: {'neg': 0.064, 'neu': 0.794, 'pos': 0.141, 'compound': 0.7951},\n 227: {'neg': 0.139, 'neu': 0.754, 'pos': 0.108, 'compound': -0.3774},\n 228: {'neg': 0.106, 'neu': 0.718, 'pos': 0.176, 'compound': 0.5475},\n 229: {'neg': 0.0, 'neu': 0.873, 'pos': 0.127, 'compound': 0.4939},\n 230: {'neg': 0.025, 'neu': 0.854, 'pos': 0.121, 'compound': 0.6478},\n 231: {'neg': 0.03, 'neu': 0.726, 'pos': 0.244, 'compound': 0.9281},\n 232: {'neg': 0.0, 'neu': 0.904, 'pos': 0.096, 'compound': 0.8144},\n 233: {'neg': 0.0, 'neu': 0.807, 'pos': 0.193, 'compound': 0.8126},\n 234: {'neg': 0.103, 'neu': 0.729, 'pos': 0.169, 'compound': 0.2481},\n 235: {'neg': 0.0, 'neu': 0.805, 'pos': 0.195, 'compound': 0.8655},\n 236: {'neg': 0.11, 'neu': 0.792, 'pos': 0.098, 'compound': -0.4786},\n 237: {'neg': 0.041, 'neu': 0.793, 'pos': 0.166, 'compound': 0.9387},\n 238: {'neg': 0.029, 'neu': 0.798, 'pos': 0.174, 'compound': 0.9936},\n 239: {'neg': 0.064, 'neu': 0.7, 'pos': 0.236, 'compound': 0.9677},\n 240: {'neg': 0.0, 'neu': 0.72, 'pos': 0.28, 'compound': 0.765},\n 241: {'neg': 0.066, 'neu': 0.71, 'pos': 0.223, 'compound': 0.9553},\n 242: {'neg': 0.0, 'neu': 0.765, 'pos': 0.235, 'compound': 0.807},\n 243: {'neg': 0.0, 'neu': 0.76, 'pos': 0.24, 'compound': 0.9344},\n 244: {'neg': 0.0, 'neu': 1.0, 'pos': 0.0, 'compound': 0.0},\n 245: {'neg': 0.081, 'neu': 0.63, 'pos': 0.289, 'compound': 0.765},\n 246: {'neg': 0.072, 'neu': 0.825, 'pos': 0.103, 'compound': 0.682},\n 247: {'neg': 0.075, 'neu': 0.633, 'pos': 0.292, 'compound': 0.9757},\n 248: {'neg': 0.0, 'neu': 0.869, 'pos': 0.131, 'compound': 0.7717},\n 249: {'neg': 0.0, 'neu': 0.602, 'pos': 0.398, 'compound': 0.9351},\n 250: {'neg': 0.0, 'neu': 0.75, 'pos': 0.25, 'compound': 0.7184},\n 251: {'neg': 0.047, 'neu': 0.781, 'pos': 0.172, 'compound': 0.9476},\n 252: {'neg': 0.076, 'neu': 0.924, 'pos': 0.0, 'compound': -0.4823},\n 253: {'neg': 0.107, 'neu': 0.893, 'pos': 0.0, 'compound': -0.4767},\n 254: {'neg': 0.0, 'neu': 0.801, 'pos': 0.199, 'compound': 0.9698},\n 255: {'neg': 0.091, 'neu': 0.736, 'pos': 0.172, 'compound': 0.4118},\n 256: {'neg': 0.103, 'neu': 0.699, 'pos': 0.198, 'compound': 0.9805},\n 257: {'neg': 0.034, 'neu': 0.664, 'pos': 0.302, 'compound': 0.9463},\n 258: {'neg': 0.105, 'neu': 0.816, 'pos': 0.079, 'compound': -0.3489},\n 259: {'neg': 0.04, 'neu': 0.841, 'pos': 0.119, 'compound': 0.8883},\n 260: {'neg': 0.0, 'neu': 0.833, 'pos': 0.167, 'compound': 0.8824},\n 261: {'neg': 0.0, 'neu': 0.613, 'pos': 0.387, 'compound': 0.9493},\n 262: {'neg': 0.0, 'neu': 0.54, 'pos': 0.46, 'compound': 0.9153},\n 263: {'neg': 0.106, 'neu': 0.706, 'pos': 0.188, 'compound': 0.5849},\n 264: {'neg': 0.098, 'neu': 0.875, 'pos': 0.026, 'compound': -0.9218},\n 265: {'neg': 0.051, 'neu': 0.802, 'pos': 0.147, 'compound': 0.872},\n 266: {'neg': 0.0, 'neu': 0.619, 'pos': 0.381, 'compound': 0.902},\n 267: {'neg': 0.0, 'neu': 0.862, 'pos': 0.138, 'compound': 0.4926},\n 268: {'neg': 0.062, 'neu': 0.911, 'pos': 0.028, 'compound': -0.7067},\n 269: {'neg': 0.0, 'neu': 0.767, 'pos': 0.233, 'compound': 0.8176},\n 270: {'neg': 0.025, 'neu': 0.793, 'pos': 0.182, 'compound': 0.9509},\n 271: {'neg': 0.0, 'neu': 0.839, 'pos': 0.161, 'compound': 0.5927},\n 272: {'neg': 0.062, 'neu': 0.863, 'pos': 0.074, 'compound': 0.2609},\n 273: {'neg': 0.052, 'neu': 0.817, 'pos': 0.132, 'compound': 0.7003},\n 274: {'neg': 0.0, 'neu': 0.733, 'pos': 0.267, 'compound': 0.7346},\n 275: {'neg': 0.037, 'neu': 0.693, 'pos': 0.271, 'compound': 0.9421},\n 276: {'neg': 0.113, 'neu': 0.708, 'pos': 0.178, 'compound': 0.7749},\n 277: {'neg': 0.0, 'neu': 0.523, 'pos': 0.477, 'compound': 0.9542},\n 278: {'neg': 0.025, 'neu': 0.809, 'pos': 0.167, 'compound': 0.937},\n 279: {'neg': 0.072, 'neu': 0.641, 'pos': 0.288, 'compound': 0.8565},\n 280: {'neg': 0.066, 'neu': 0.859, 'pos': 0.075, 'compound': 0.1666},\n 281: {'neg': 0.049, 'neu': 0.823, 'pos': 0.127, 'compound': 0.6438},\n 282: {'neg': 0.0, 'neu': 0.754, 'pos': 0.246, 'compound': 0.8016},\n 283: {'neg': 0.028, 'neu': 0.934, 'pos': 0.038, 'compound': 0.1779},\n 284: {'neg': 0.032, 'neu': 0.792, 'pos': 0.176, 'compound': 0.9852},\n 285: {'neg': 0.0, 'neu': 0.864, 'pos': 0.136, 'compound': 0.5255},\n 286: {'neg': 0.0, 'neu': 0.898, 'pos': 0.102, 'compound': 0.7917},\n 287: {'neg': 0.022, 'neu': 0.854, 'pos': 0.123, 'compound': 0.8807},\n 288: {'neg': 0.035, 'neu': 0.801, 'pos': 0.163, 'compound': 0.9676},\n 289: {'neg': 0.055, 'neu': 0.751, 'pos': 0.194, 'compound': 0.9475},\n 290: {'neg': 0.039, 'neu': 0.697, 'pos': 0.264, 'compound': 0.8439},\n 291: {'neg': 0.104, 'neu': 0.705, 'pos': 0.191, 'compound': 0.6257},\n 292: {'neg': 0.052, 'neu': 0.745, 'pos': 0.203, 'compound': 0.9434},\n 293: {'neg': 0.09, 'neu': 0.705, 'pos': 0.205, 'compound': 0.8636},\n 294: {'neg': 0.034, 'neu': 0.757, 'pos': 0.209, 'compound': 0.9823},\n 295: {'neg': 0.0, 'neu': 0.887, 'pos': 0.113, 'compound': 0.4939},\n 296: {'neg': 0.12, 'neu': 0.781, 'pos': 0.099, 'compound': -0.7095},\n 297: {'neg': 0.025, 'neu': 0.737, 'pos': 0.239, 'compound': 0.9566},\n 298: {'neg': 0.0, 'neu': 0.811, 'pos': 0.189, 'compound': 0.8781},\n 299: {'neg': 0.0, 'neu': 0.681, 'pos': 0.319, 'compound': 0.8934},\n 300: {'neg': 0.078, 'neu': 0.735, 'pos': 0.187, 'compound': 0.9637},\n 301: {'neg': 0.0, 'neu': 0.632, 'pos': 0.368, 'compound': 0.9661},\n 302: {'neg': 0.148, 'neu': 0.625, 'pos': 0.227, 'compound': 0.5849},\n 303: {'neg': 0.014, 'neu': 0.705, 'pos': 0.281, 'compound': 0.9763},\n 304: {'neg': 0.076, 'neu': 0.791, 'pos': 0.133, 'compound': 0.25},\n 305: {'neg': 0.058, 'neu': 0.778, 'pos': 0.165, 'compound': 0.5734},\n 306: {'neg': 0.143, 'neu': 0.769, 'pos': 0.088, 'compound': -0.8349},\n 307: {'neg': 0.097, 'neu': 0.781, 'pos': 0.122, 'compound': 0.4733},\n 308: {'neg': 0.0, 'neu': 0.649, 'pos': 0.351, 'compound': 0.894},\n 309: {'neg': 0.0, 'neu': 0.796, 'pos': 0.204, 'compound': 0.9695},\n 310: {'neg': 0.0, 'neu': 0.774, 'pos': 0.226, 'compound': 0.9287},\n 311: {'neg': 0.031, 'neu': 0.657, 'pos': 0.312, 'compound': 0.9644},\n 312: {'neg': 0.087, 'neu': 0.913, 'pos': 0.0, 'compound': -0.4939},\n 313: {'neg': 0.0, 'neu': 1.0, 'pos': 0.0, 'compound': 0.0},\n 314: {'neg': 0.018, 'neu': 0.914, 'pos': 0.069, 'compound': 0.4971},\n 315: {'neg': 0.023, 'neu': 0.846, 'pos': 0.131, 'compound': 0.5944},\n 316: {'neg': 0.06, 'neu': 0.772, 'pos': 0.168, 'compound': 0.9109},\n 317: {'neg': 0.0, 'neu': 0.823, 'pos': 0.177, 'compound': 0.5783},\n 318: {'neg': 0.07, 'neu': 0.839, 'pos': 0.091, 'compound': 0.6785},\n 319: {'neg': 0.0, 'neu': 0.904, 'pos': 0.096, 'compound': 0.3716},\n 320: {'neg': 0.0, 'neu': 0.758, 'pos': 0.242, 'compound': 0.7717},\n 321: {'neg': 0.065, 'neu': 0.562, 'pos': 0.373, 'compound': 0.886},\n 322: {'neg': 0.0, 'neu': 1.0, 'pos': 0.0, 'compound': 0.0},\n 323: {'neg': 0.05, 'neu': 0.69, 'pos': 0.26, 'compound': 0.7712},\n 324: {'neg': 0.0, 'neu': 1.0, 'pos': 0.0, 'compound': 0.0},\n 325: {'neg': 0.213, 'neu': 0.514, 'pos': 0.274, 'compound': 0.3185},\n 326: {'neg': 0.0, 'neu': 0.688, 'pos': 0.312, 'compound': 0.8979},\n 327: {'neg': 0.075, 'neu': 0.726, 'pos': 0.199, 'compound': 0.9373},\n 328: {'neg': 0.064, 'neu': 0.594, 'pos': 0.342, 'compound': 0.9581},\n 329: {'neg': 0.163, 'neu': 0.708, 'pos': 0.129, 'compound': -0.8462},\n 330: {'neg': 0.037, 'neu': 0.8, 'pos': 0.163, 'compound': 0.8119},\n 331: {'neg': 0.0, 'neu': 0.837, 'pos': 0.163, 'compound': 0.6249},\n 332: {'neg': 0.115, 'neu': 0.885, 'pos': 0.0, 'compound': -0.4588},\n 333: {'neg': 0.0, 'neu': 0.689, 'pos': 0.311, 'compound': 0.9732},\n 334: {'neg': 0.0, 'neu': 0.662, 'pos': 0.338, 'compound': 0.9719},\n 335: {'neg': 0.0, 'neu': 0.886, 'pos': 0.114, 'compound': 0.6124},\n 336: {'neg': 0.046, 'neu': 0.8, 'pos': 0.154, 'compound': 0.6796},\n 337: {'neg': 0.078, 'neu': 0.651, 'pos': 0.271, 'compound': 0.8506},\n 338: {'neg': 0.0, 'neu': 0.765, 'pos': 0.235, 'compound': 0.9008},\n 339: {'neg': 0.0, 'neu': 0.734, 'pos': 0.266, 'compound': 0.784},\n 340: {'neg': 0.078, 'neu': 0.823, 'pos': 0.098, 'compound': 0.4416},\n 341: {'neg': 0.069, 'neu': 0.782, 'pos': 0.149, 'compound': 0.8499},\n 342: {'neg': 0.041, 'neu': 0.657, 'pos': 0.302, 'compound': 0.8731},\n 343: {'neg': 0.0, 'neu': 0.912, 'pos': 0.088, 'compound': 0.4939},\n 344: {'neg': 0.11, 'neu': 0.678, 'pos': 0.211, 'compound': 0.8053},\n 345: {'neg': 0.101, 'neu': 0.627, 'pos': 0.273, 'compound': 0.9758},\n 346: {'neg': 0.044, 'neu': 0.725, 'pos': 0.231, 'compound': 0.8319},\n 347: {'neg': 0.0, 'neu': 0.608, 'pos': 0.392, 'compound': 0.9694},\n 348: {'neg': 0.093, 'neu': 0.752, 'pos': 0.155, 'compound': 0.7667},\n 349: {'neg': 0.0, 'neu': 0.678, 'pos': 0.322, 'compound': 0.908},\n 350: {'neg': 0.071, 'neu': 0.861, 'pos': 0.068, 'compound': -0.0258},\n 351: {'neg': 0.0, 'neu': 0.715, 'pos': 0.285, 'compound': 0.9177},\n 352: {'neg': 0.064, 'neu': 0.727, 'pos': 0.209, 'compound': 0.7337},\n 353: {'neg': 0.0, 'neu': 0.893, 'pos': 0.107, 'compound': 0.802},\n 354: {'neg': 0.0, 'neu': 0.888, 'pos': 0.112, 'compound': 0.6604},\n 355: {'neg': 0.0, 'neu': 0.802, 'pos': 0.198, 'compound': 0.6892},\n 356: {'neg': 0.05, 'neu': 0.734, 'pos': 0.215, 'compound': 0.8008},\n 357: {'neg': 0.027, 'neu': 0.835, 'pos': 0.138, 'compound': 0.8805},\n 358: {'neg': 0.0, 'neu': 0.841, 'pos': 0.159, 'compound': 0.8519},\n 359: {'neg': 0.164, 'neu': 0.694, 'pos': 0.142, 'compound': 0.283},\n 360: {'neg': 0.0, 'neu': 0.705, 'pos': 0.295, 'compound': 0.954},\n 361: {'neg': 0.033, 'neu': 0.785, 'pos': 0.182, 'compound': 0.9441},\n 362: {'neg': 0.228, 'neu': 0.772, 'pos': 0.0, 'compound': -0.734},\n 363: {'neg': 0.0, 'neu': 0.891, 'pos': 0.109, 'compound': 0.8802},\n 364: {'neg': 0.0, 'neu': 0.742, 'pos': 0.258, 'compound': 0.8088},\n 365: {'neg': 0.033, 'neu': 0.621, 'pos': 0.346, 'compound': 0.9334},\n 366: {'neg': 0.076, 'neu': 0.768, 'pos': 0.156, 'compound': 0.4434},\n 367: {'neg': 0.0, 'neu': 0.685, 'pos': 0.315, 'compound': 0.9366},\n 368: {'neg': 0.038, 'neu': 0.84, 'pos': 0.122, 'compound': 0.8016},\n 369: {'neg': 0.064, 'neu': 0.871, 'pos': 0.066, 'compound': 0.0258},\n 370: {'neg': 0.0, 'neu': 0.913, 'pos': 0.087, 'compound': 0.7703},\n 371: {'neg': 0.012, 'neu': 0.86, 'pos': 0.128, 'compound': 0.9923},\n 372: {'neg': 0.0, 'neu': 0.631, 'pos': 0.369, 'compound': 0.8935},\n 373: {'neg': 0.11, 'neu': 0.748, 'pos': 0.142, 'compound': 0.1264},\n 374: {'neg': 0.0, 'neu': 0.588, 'pos': 0.412, 'compound': 0.9168},\n 375: {'neg': 0.0, 'neu': 0.728, 'pos': 0.272, 'compound': 0.9472},\n 376: {'neg': 0.054, 'neu': 0.69, 'pos': 0.256, 'compound': 0.8962},\n 377: {'neg': 0.0, 'neu': 0.796, 'pos': 0.204, 'compound': 0.874},\n 378: {'neg': 0.065, 'neu': 0.764, 'pos': 0.171, 'compound': 0.9266},\n 379: {'neg': 0.063, 'neu': 0.524, 'pos': 0.413, 'compound': 0.9709},\n 380: {'neg': 0.036, 'neu': 0.695, 'pos': 0.269, 'compound': 0.9468},\n 381: {'neg': 0.074, 'neu': 0.715, 'pos': 0.212, 'compound': 0.8349},\n 382: {'neg': 0.318, 'neu': 0.515, 'pos': 0.167, 'compound': -0.7184},\n 383: {'neg': 0.0, 'neu': 0.905, 'pos': 0.095, 'compound': 0.6369},\n 384: {'neg': 0.037, 'neu': 0.779, 'pos': 0.185, 'compound': 0.9893},\n 385: {'neg': 0.0, 'neu': 0.767, 'pos': 0.233, 'compound': 0.8065},\n 386: {'neg': 0.0, 'neu': 0.774, 'pos': 0.226, 'compound': 0.9796},\n 387: {'neg': 0.0, 'neu': 0.839, 'pos': 0.161, 'compound': 0.8625},\n 388: {'neg': 0.089, 'neu': 0.75, 'pos': 0.161, 'compound': 0.8201},\n 389: {'neg': 0.088, 'neu': 0.537, 'pos': 0.375, 'compound': 0.755},\n 390: {'neg': 0.031, 'neu': 0.764, 'pos': 0.205, 'compound': 0.9183},\n 391: {'neg': 0.248, 'neu': 0.636, 'pos': 0.116, 'compound': -0.8174},\n 392: {'neg': 0.0, 'neu': 0.642, 'pos': 0.358, 'compound': 0.8591},\n 393: {'neg': 0.0, 'neu': 0.661, 'pos': 0.339, 'compound': 0.8481},\n 394: {'neg': 0.0, 'neu': 1.0, 'pos': 0.0, 'compound': 0.0},\n 395: {'neg': 0.0, 'neu': 0.83, 'pos': 0.17, 'compound': 0.8016},\n 396: {'neg': 0.0, 'neu': 0.502, 'pos': 0.498, 'compound': 0.9677},\n 397: {'neg': 0.0, 'neu': 0.638, 'pos': 0.362, 'compound': 0.9682},\n 398: {'neg': 0.046, 'neu': 0.703, 'pos': 0.251, 'compound': 0.867},\n 399: {'neg': 0.0, 'neu': 0.826, 'pos': 0.174, 'compound': 0.9814},\n 400: {'neg': 0.0, 'neu': 0.787, 'pos': 0.213, 'compound': 0.7644},\n 401: {'neg': 0.234, 'neu': 0.556, 'pos': 0.211, 'compound': 0.0},\n 402: {'neg': 0.093, 'neu': 0.813, 'pos': 0.095, 'compound': 0.0258},\n 403: {'neg': 0.215, 'neu': 0.697, 'pos': 0.088, 'compound': -0.6351},\n 404: {'neg': 0.194, 'neu': 0.771, 'pos': 0.035, 'compound': -0.9058},\n 405: {'neg': 0.0, 'neu': 0.691, 'pos': 0.309, 'compound': 0.8172},\n 406: {'neg': 0.019, 'neu': 0.702, 'pos': 0.279, 'compound': 0.9622},\n 407: {'neg': 0.0, 'neu': 0.954, 'pos': 0.046, 'compound': 0.6249},\n 408: {'neg': 0.036, 'neu': 0.772, 'pos': 0.192, 'compound': 0.9477},\n 409: {'neg': 0.0, 'neu': 0.713, 'pos': 0.287, 'compound': 0.9257},\n 410: {'neg': 0.05, 'neu': 0.758, 'pos': 0.192, 'compound': 0.8316},\n 411: {'neg': 0.023, 'neu': 0.858, 'pos': 0.118, 'compound': 0.8969},\n 412: {'neg': 0.0, 'neu': 0.802, 'pos': 0.198, 'compound': 0.8555},\n 413: {'neg': 0.0, 'neu': 0.815, 'pos': 0.185, 'compound': 0.7777},\n 414: {'neg': 0.0, 'neu': 0.914, 'pos': 0.086, 'compound': 0.4118},\n 415: {'neg': 0.0, 'neu': 0.722, 'pos': 0.278, 'compound': 0.8902},\n 416: {'neg': 0.0, 'neu': 0.592, 'pos': 0.408, 'compound': 0.9622},\n 417: {'neg': 0.07, 'neu': 0.799, 'pos': 0.131, 'compound': 0.9222},\n 418: {'neg': 0.166, 'neu': 0.809, 'pos': 0.025, 'compound': -0.8957},\n 419: {'neg': 0.0, 'neu': 0.784, 'pos': 0.216, 'compound': 0.8876},\n 420: {'neg': 0.148, 'neu': 0.815, 'pos': 0.037, 'compound': -0.5983},\n 421: {'neg': 0.035, 'neu': 0.754, 'pos': 0.211, 'compound': 0.9561},\n 422: {'neg': 0.0, 'neu': 0.861, 'pos': 0.139, 'compound': 0.4404},\n 423: {'neg': 0.223, 'neu': 0.68, 'pos': 0.096, 'compound': -0.3314},\n 424: {'neg': 0.055, 'neu': 0.687, 'pos': 0.258, 'compound': 0.9106},\n 425: {'neg': 0.017, 'neu': 0.821, 'pos': 0.161, 'compound': 0.9576},\n 426: {'neg': 0.0, 'neu': 0.806, 'pos': 0.194, 'compound': 0.7717},\n 427: {'neg': 0.029, 'neu': 0.817, 'pos': 0.154, 'compound': 0.7845},\n 428: {'neg': 0.0, 'neu': 0.761, 'pos': 0.239, 'compound': 0.9337},\n 429: {'neg': 0.0, 'neu': 0.739, 'pos': 0.261, 'compound': 0.9741},\n 430: {'neg': 0.0, 'neu': 0.617, 'pos': 0.383, 'compound': 0.9876},\n 431: {'neg': 0.04, 'neu': 0.786, 'pos': 0.174, 'compound': 0.9847},\n 432: {'neg': 0.0, 'neu': 0.73, 'pos': 0.27, 'compound': 0.9516},\n 433: {'neg': 0.083, 'neu': 0.751, 'pos': 0.166, 'compound': 0.8044},\n 434: {'neg': 0.108, 'neu': 0.593, 'pos': 0.299, 'compound': 0.8655},\n 435: {'neg': 0.0, 'neu': 0.771, 'pos': 0.229, 'compound': 0.9179},\n 436: {'neg': 0.0, 'neu': 0.829, 'pos': 0.171, 'compound': 0.8519},\n 437: {'neg': 0.0, 'neu': 0.926, 'pos': 0.074, 'compound': 0.7383},\n 438: {'neg': 0.0, 'neu': 0.887, 'pos': 0.113, 'compound': 0.6369},\n 439: {'neg': 0.0, 'neu': 0.728, 'pos': 0.272, 'compound': 0.87},\n 440: {'neg': 0.072, 'neu': 0.781, 'pos': 0.147, 'compound': 0.9307},\n 441: {'neg': 0.078, 'neu': 0.793, 'pos': 0.129, 'compound': 0.5176},\n 442: {'neg': 0.054, 'neu': 0.69, 'pos': 0.257, 'compound': 0.9683},\n 443: {'neg': 0.0, 'neu': 0.616, 'pos': 0.384, 'compound': 0.9603},\n 444: {'neg': 0.044, 'neu': 0.898, 'pos': 0.058, 'compound': 0.1882},\n 445: {'neg': 0.055, 'neu': 0.873, 'pos': 0.072, 'compound': 0.0935},\n 446: {'neg': 0.077, 'neu': 0.78, 'pos': 0.143, 'compound': 0.3699},\n 447: {'neg': 0.042, 'neu': 0.763, 'pos': 0.195, 'compound': 0.9883},\n 448: {'neg': 0.0, 'neu': 0.713, 'pos': 0.287, 'compound': 0.967},\n 449: {'neg': 0.0, 'neu': 0.737, 'pos': 0.263, 'compound': 0.8531},\n 450: {'neg': 0.0, 'neu': 0.845, 'pos': 0.155, 'compound': 0.6908},\n 451: {'neg': 0.034, 'neu': 0.743, 'pos': 0.223, 'compound': 0.9873},\n 452: {'neg': 0.054, 'neu': 0.782, 'pos': 0.164, 'compound': 0.9337},\n 453: {'neg': 0.0, 'neu': 0.5, 'pos': 0.5, 'compound': 0.943},\n 454: {'neg': 0.0, 'neu': 0.603, 'pos': 0.397, 'compound': 0.8811},\n 455: {'neg': 0.0, 'neu': 0.699, 'pos': 0.301, 'compound': 0.9619},\n 456: {'neg': 0.082, 'neu': 0.854, 'pos': 0.064, 'compound': -0.4854},\n 457: {'neg': 0.0, 'neu': 0.684, 'pos': 0.316, 'compound': 0.926},\n 458: {'neg': 0.0, 'neu': 0.564, 'pos': 0.436, 'compound': 0.9642},\n 459: {'neg': 0.045, 'neu': 0.717, 'pos': 0.239, 'compound': 0.8455},\n 460: {'neg': 0.068, 'neu': 0.765, 'pos': 0.167, 'compound': 0.9091},\n 461: {'neg': 0.08, 'neu': 0.821, 'pos': 0.099, 'compound': 0.4883},\n 462: {'neg': 0.037, 'neu': 0.87, 'pos': 0.093, 'compound': 0.34},\n 463: {'neg': 0.074, 'neu': 0.873, 'pos': 0.053, 'compound': 0.0165},\n 464: {'neg': 0.019, 'neu': 0.868, 'pos': 0.113, 'compound': 0.8443},\n 465: {'neg': 0.0, 'neu': 0.786, 'pos': 0.214, 'compound': 0.9111},\n 466: {'neg': 0.0, 'neu': 0.772, 'pos': 0.228, 'compound': 0.9606},\n 467: {'neg': 0.009, 'neu': 0.845, 'pos': 0.147, 'compound': 0.9874},\n 468: {'neg': 0.008, 'neu': 0.818, 'pos': 0.174, 'compound': 0.9926},\n 469: {'neg': 0.049, 'neu': 0.951, 'pos': 0.0, 'compound': -0.3595},\n 470: {'neg': 0.0, 'neu': 0.957, 'pos': 0.043, 'compound': 0.25},\n 471: {'neg': 0.051, 'neu': 0.676, 'pos': 0.273, 'compound': 0.9749},\n 472: {'neg': 0.0, 'neu': 0.565, 'pos': 0.435, 'compound': 0.9649},\n 473: {'neg': 0.0, 'neu': 0.686, 'pos': 0.314, 'compound': 0.7506},\n 474: {'neg': 0.013, 'neu': 0.75, 'pos': 0.237, 'compound': 0.9828},\n 475: {'neg': 0.0, 'neu': 0.585, 'pos': 0.415, 'compound': 0.9095},\n 476: {'neg': 0.025, 'neu': 0.608, 'pos': 0.367, 'compound': 0.9828},\n 477: {'neg': 0.034, 'neu': 0.728, 'pos': 0.238, 'compound': 0.8555},\n 478: {'neg': 0.0, 'neu': 0.823, 'pos': 0.177, 'compound': 0.6239},\n 479: {'neg': 0.245, 'neu': 0.652, 'pos': 0.103, 'compound': -0.3855},\n 480: {'neg': 0.0, 'neu': 0.435, 'pos': 0.565, 'compound': 0.9935},\n 481: {'neg': 0.03, 'neu': 0.718, 'pos': 0.251, 'compound': 0.9432},\n 482: {'neg': 0.0, 'neu': 0.605, 'pos': 0.395, 'compound': 0.9079},\n 483: {'neg': 0.0, 'neu': 0.862, 'pos': 0.138, 'compound': 0.3384},\n 484: {'neg': 0.088, 'neu': 0.767, 'pos': 0.145, 'compound': 0.4516},\n 485: {'neg': 0.0, 'neu': 0.761, 'pos': 0.239, 'compound': 0.8547},\n 486: {'neg': 0.044, 'neu': 0.811, 'pos': 0.144, 'compound': 0.7845},\n 487: {'neg': 0.0, 'neu': 0.909, 'pos': 0.091, 'compound': 0.296},\n 488: {'neg': 0.179, 'neu': 0.707, 'pos': 0.114, 'compound': -0.3723},\n 489: {'neg': 0.0, 'neu': 0.861, 'pos': 0.139, 'compound': 0.9598},\n 490: {'neg': 0.0, 'neu': 0.763, 'pos': 0.237, 'compound': 0.9788},\n 491: {'neg': 0.055, 'neu': 0.704, 'pos': 0.241, 'compound': 0.9287},\n 492: {'neg': 0.0, 'neu': 0.717, 'pos': 0.283, 'compound': 0.9367},\n 493: {'neg': 0.056, 'neu': 0.855, 'pos': 0.089, 'compound': 0.5976},\n 494: {'neg': 0.086, 'neu': 0.703, 'pos': 0.211, 'compound': 0.4939},\n 495: {'neg': 0.0, 'neu': 0.788, 'pos': 0.212, 'compound': 0.9743},\n 496: {'neg': 0.0, 'neu': 0.554, 'pos': 0.446, 'compound': 0.9725},\n 497: {'neg': 0.059, 'neu': 0.791, 'pos': 0.15, 'compound': 0.8215},\n 498: {'neg': 0.025, 'neu': 0.762, 'pos': 0.212, 'compound': 0.9848},\n 499: {'neg': 0.041, 'neu': 0.904